A = [ -6,   9,  13,  18,  21;
      25,  19,  -9,  -7,  25;
      -7,  10,   5,   3,  25;
      27,   2,  22,   5,  19;
      25,  17,  22,  11,  13;]

B = [63; 51; 44; 80; 121]

X = ['x1', 'x2', 'x3', 'x4', 'x5']

ans = A\B
