Исходные данные варианта 	19

Матрица А 
40	41	40	45	46
42	39	38	41	40
41	46	41	43	44
40	41	48	42	41
45	46	45	44	38

Матрица B 
228
210
246
254
225

Транспонированная матрица A 
40	42	41	40	45
41	39	46	41	46
40	38	41	48	45
45	41	43	42	44
46	40	44	41	38

Транспонированная матрица B 
228	210	246	254	225

Обратная матрица A 
-1.63521e-01	2.54011e-01	-1.26367e-03	2.00538e-03	-7.01335e-02
-5.33487e-02	-9.71375e-02	1.53893e-01	-4.85688e-02	4.10417e-02
-4.81155e-02	-1.73205e-02	-1.85155e-02	1.16340e-01	-2.76084e-02
3.44487e-01	-2.41965e-01	-2.38833e-01	-1.20982e-01	2.44767e-01
-8.36767e-02	1.17466e-01	1.13675e-01	5.87330e-02	-1.91033e-01

Проверка обратной матрицы A 
1.000e+00	-8.882e-16	-8.882e-16	-4.441e-16	0.000e+00
1.332e-15	1.000e+00	0.000e+00	-4.441e-16	0.000e+00
1.776e-15	-8.882e-16	1.000e+00	-4.441e-16	0.000e+00
8.882e-16	-2.665e-15	0.000e+00	1.000e+00	0.000e+00
0.000e+00	0.000e+00	-8.882e-16	0.000e+00	1.000e+00

Проверка матрицы A на ортогональность =[0] 
40.164		41.746		41.001		39.998		45.070
41.053		39.097		45.846		41.049		45.959
40.048		38.017		41.019		47.884		45.028
44.656		41.242		43.239		42.121		43.755
46.084		39.883		43.886		40.941		38.191

Матрица нормированных коэфф. С=Норм(Bt) 
0.409	  0	0.818	  1	0.341

Результат умнож. матриц Fcb=С*B= 	625.250000

Продолжаем вывод результатов модифицируя пример . . . 

k= 	