Исходные данные варианта 	10

Матрица А 
22	23	22	27	28
24	21	20	23	22
23	28	23	25	26
22	23	30	24	23
27	28	27	26	20

Матрица B 
147
129
165
173
144

Транспонированная матрица A 
22	24	23	22	27
23	21	28	23	28
22	20	23	30	27
27	23	25	24	26
28	22	26	23	20

Транспонированная матрица B 
147	129	165	173	144

Обратная матрица A 
-1.66348e-01	2.64203e-01	4.79969e-03	7.10158e-03	-7.21422e-02
-5.27966e-02	-9.91282e-02	1.52708e-01	-4.95641e-02	4.14340e-02
-4.87560e-02	-1.50113e-02	-1.71417e-02	1.17494e-01	-2.80635e-02
3.46165e-01	-2.48016e-01	-2.42433e-01	-1.24008e-01	2.45959e-01
-8.57087e-02	1.24792e-01	1.18033e-01	6.23959e-02	-1.92477e-01

Проверка обратной матрицы A 
1.000e+00	-8.882e-16	-3.109e-15	-4.441e-16	8.882e-16
1.554e-15	1.000e+00	-2.665e-15	-4.441e-16	0.000e+00
1.776e-15	-1.332e-15	1.000e+00	-4.441e-16	8.882e-16
6.661e-16	-8.882e-16	-2.220e-15	1.000e+00	0.000e+00
1.332e-15	-1.776e-15	-1.332e-15	-6.661e-16	1.000e+00

Проверка матрицы A на ортогональность =[0] 
22.166		23.736		22.995		21.993		27.072
23.053		21.099		27.847		23.050		27.959
22.049		20.015		23.017		29.883		27.028
26.654		23.248		25.242		24.124		25.754
28.086		21.875		25.882		22.938		20.192

Матрица нормированных коэфф. С=Норм(Bt) 
0.409	  0	0.818	  1	0.341

Результат умнож. матриц Fcb=С*B= 	417.227273

Продолжаем вывод результатов модифицируя пример . . . 

k= 	
k= 	
k= 	
k= 	
k= 	
k= 	