Даненко Харлова Мощонский ИКПИ-23 Вариант 19
n = 19
1. Исходные данные варианта
A =

   40   41   40   45   46
   42   39   38   41   40
   41   46   41   43   44
   40   41   48   42   41
   45   46   45   44   38

B =

   228
   210
   246
   254
   225

2. Транспонированные матрицы A и В
Bt =

   228   210   246   254   225

At =

   40   42   41   40   45
   41   39   46   41   46
   40   38   41   48   45
   45   41   43   42   44
   46   40   44   41   38

3. Обратная матрица A с проверкой
Aobr =

  -1.6352e-01   2.5401e-01  -1.2637e-03   2.0054e-03  -7.0134e-02
  -5.3349e-02  -9.7138e-02   1.5389e-01  -4.8569e-02   4.1042e-02
  -4.8115e-02  -1.7320e-02  -1.8515e-02   1.1634e-01  -2.7608e-02
   3.4449e-01  -2.4196e-01  -2.3883e-01  -1.2098e-01   2.4477e-01
  -8.3677e-02   1.1747e-01   1.1368e-01   5.8733e-02  -1.9103e-01

provA =

   1.0000  -0.0000  -0.0000  -0.0000        0
   0.0000   1.0000        0  -0.0000        0
   0.0000  -0.0000   1.0000  -0.0000        0
   0.0000  -0.0000        0   1.0000        0
        0        0  -0.0000        0   1.0000

4. Проверка матрицы A на ортогональность
Eort =

   40.164   41.746   41.001   39.998   45.070
   41.053   39.097   45.846   41.049   45.959
   40.048   38.017   41.019   47.884   45.028
   44.656   41.242   43.239   42.121   43.755
   46.084   39.883   43.886   40.941   38.191

5. Матрица нормированных коэфф. С=Норм(Bt)
C =

   0.4091        0   0.8182   1.0000   0.3409

6 Результат умнож. матриц Fcb=С*B
Fcb = 625.25
Результат умнож. матриц Fbc=B*C
Fbc =

    93.2727          0   186.5455   228.0000    77.7273
    85.9091          0   171.8182   210.0000    71.5909
   100.6364          0   201.2727   246.0000    83.8636
   103.9091          0   207.8182   254.0000    86.5909
    92.0455          0   184.0909   225.0000    76.7045

7. Определитель матрицы Fbc & A
OFbc = 0
OFa = 7.2804e+04
8. Находим минор М[1,1] матрицы A
MFa11 =

   39   38   41   40
   46   41   43   44
   41   48   42   41
   46   45   44   38

MFa22 =

   40   40   45   46
   41   41   43   44
   40   48   42   41
   45   45   44   38

MFa33 =

   40   41   45   46
   42   39   41   40
   40   41   42   41
   45   46   44   38

MFa44 =

   40   41   40   46
   42   39   38   40
   41   46   41   44
   45   46   45   38

MFa55 =

   40   41   40   45
   42   39   38   41
   41   46   41   43
   40   41   48   42

M11_Fa = -1.1905e+04
M22_Fa = -7072.0
M33_Fa = -1348.0
M44_Fa = -8808.0
M55_Fa = -1.3908e+04
9. Решаем СЛАУ Ax=B методом Гаусса
AGs =

   1.0000        0        0        0        0   0.4779
        0   1.0000        0        0        0   2.1931
        0        0   1.0000        0        0   4.1760
        0        0        0   1.0000        0  -6.6796
        0        0        0        0   1.0000   5.4893

r =

   5   6

Вектор значений переменных [X] СЛАУ Ax=B
XGs =

   0.4779
   2.1931
   4.1760
  -6.6796
   5.4893

Проверяем решение СЛАУ Ax-B=0
EpsGs =

  -5.6843e-14
            0
  -1.1369e-13
  -2.8422e-14
  -5.6843e-14

10. Решаем СЛАУ Ax=B методом обратной матрицы
Xom =

   0.4779
   2.1931
   4.1760
  -6.6796
   5.4893

Проверяем решение СЛАУ Ax-B=0
Epsom =

  -1.7053e-13
  -2.2737e-13
  -1.4211e-13
  -2.5580e-13
  -1.7053e-13

k = 11.227
w = 0.6886
ОТВЕТ: t = -23.17 
       F(t) = -11.41 
